Size: 16384
14809
472
397
29387
507
390
Size: 32768
21863
976
1051
25153
1084
761
Size: 65536
23629
1553
3953
31414
1710
1080
Size: 131072
24580
3272
2603
24595
2573
2235
Size: 262144
30610
7453
6525
32852
6584
5934
Size: 524288
28709
10078
12928
28305
16485
7539
Size: 1048576
25986
31639
19663
22851
31242
13637
Size: 2097152
41198
46824
29656
23002
61269
16473
Size: 4194304
48075
86316
90212
24157
99667
14735
Size: 8388608
45889
257592
135583
27362
187113
32266
Size: 16777216
39466
1114822
257735
38023
495583
47352
Size: 33554432
65019
1702916
574866
57072
1374549
88615
Size: 67108864
148138
3645653
1787147
129689
2804672
185548
